%YAML:1.0
---
image_width: 640
image_height: 480
camera_matrix: !!opencv-matrix
   rows: 3
   cols: 3
   dt: d
   data: [ 667.84506611591553, 0., 307.9167202969636, 0.,
       669.27493630630534, 256.16540762411159, 0., 0., 1. ]
distortion_coefficients: !!opencv-matrix
   rows: 1
   cols: 5
   dt: d
   data: [ -0.057824043221257782, 1.4531833645628631,
       -0.00062547032040394495, -0.0052954204915419264,
       -6.5167438243424503 ]
error: 0.54134655506760376
